-7.07e-01 -6.63e-01 -5.75e-01 -4.86e-01 -3.98e-01 -3.09e-01 -2.21e-01 -1.33e-01 -4.42e-02 4.42e-02 1.33e-01 2.21e-01 3.09e-01 3.98e-01 4.86e-01 5.75e-01 6.63e-01 7.07e-01
-7.51e-01 -6.88e-01 -5.93e-01 -5.00e-01 -4.08e-01 -3.17e-01 -2.26e-01 -1.36e-01 -4.52e-02 4.52e-02 1.36e-01 2.26e-01 3.17e-01 4.08e-01 5.00e-01 5.93e-01 6.88e-01 7.51e-01
-8.20e-01 -7.51e-01 -6.35e-01 -5.31e-01 -4.31e-01 -3.33e-01 -2.37e-01 -1.42e-01 -4.73e-02 4.73e-02 1.42e-01 2.37e-01 3.33e-01 4.31e-01 5.31e-01 6.35e-01 7.51e-01 8.20e-01
-8.75e-01 -8.02e-01 -6.76e-01 -5.61e-01 -4.54e-01 -3.50e-01 -2.49e-01 -1.49e-01 -4.95e-02 4.95e-02 1.49e-01 2.49e-01 3.50e-01 4.54e-01 5.61e-01 6.76e-01 8.02e-01 8.75e-01
-9.19e-01 -8.44e-01 -7.10e-01 -5.89e-01 -4.74e-01 -3.65e-01 -2.59e-01 -1.55e-01 -5.15e-02 5.15e-02 1.55e-01 2.59e-01 3.65e-01 4.74e-01 5.89e-01 7.10e-01 8.44e-01 9.19e-01
-9.52e-01 -8.76e-01 -7.38e-01 -6.11e-01 -4.92e-01 -3.78e-01 -2.68e-01 -1.60e-01 -5.32e-02 5.32e-02 1.60e-01 2.68e-01 3.78e-01 4.92e-01 6.11e-01 7.38e-01 8.76e-01 9.52e-01
-9.76e-01 -9.00e-01 -7.59e-01 -6.29e-01 -5.06e-01 -3.89e-01 -2.75e-01 -1.64e-01 -5.46e-02 5.46e-02 1.64e-01 2.75e-01 3.89e-01 5.06e-01 6.29e-01 7.59e-01 9.00e-01 9.76e-01
-9.92e-01 -9.15e-01 -7.73e-01 -6.40e-01 -5.15e-01 -3.96e-01 -2.80e-01 -1.67e-01 -5.55e-02 5.55e-02 1.67e-01 2.80e-01 3.96e-01 5.15e-01 6.40e-01 7.73e-01 9.15e-01 9.92e-01
-1.00e+00 -9.23e-01 -7.80e-01 -6.46e-01 -5.20e-01 -3.99e-01 -2.83e-01 -1.69e-01 -5.60e-02 5.60e-02 1.69e-01 2.83e-01 3.99e-01 5.20e-01 6.46e-01 7.80e-01 9.23e-01 1.00e+00
-1.00e+00 -9.23e-01 -7.80e-01 -6.46e-01 -5.20e-01 -3.99e-01 -2.83e-01 -1.69e-01 -5.60e-02 5.60e-02 1.69e-01 2.83e-01 3.99e-01 5.20e-01 6.46e-01 7.80e-01 9.23e-01 1.00e+00
-9.92e-01 -9.15e-01 -7.73e-01 -6.40e-01 -5.15e-01 -3.96e-01 -2.80e-01 -1.67e-01 -5.55e-02 5.55e-02 1.67e-01 2.80e-01 3.96e-01 5.15e-01 6.40e-01 7.73e-01 9.15e-01 9.92e-01
-9.76e-01 -9.00e-01 -7.59e-01 -6.29e-01 -5.06e-01 -3.89e-01 -2.75e-01 -1.64e-01 -5.46e-02 5.46e-02 1.64e-01 2.75e-01 3.89e-01 5.06e-01 6.29e-01 7.59e-01 9.00e-01 9.76e-01
-9.52e-01 -8.76e-01 -7.38e-01 -6.11e-01 -4.92e-01 -3.78e-01 -2.68e-01 -1.60e-01 -5.32e-02 5.32e-02 1.60e-01 2.68e-01 3.78e-01 4.92e-01 6.11e-01 7.38e-01 8.76e-01 9.52e-01
-9.19e-01 -8.44e-01 -7.10e-01 -5.89e-01 -4.74e-01 -3.65e-01 -2.59e-01 -1.55e-01 -5.15e-02 5.15e-02 1.55e-01 2.59e-01 3.65e-01 4.74e-01 5.89e-01 7.10e-01 8.44e-01 9.19e-01
-8.75e-01 -8.02e-01 -6.76e-01 -5.61e-01 -4.54e-01 -3.50e-01 -2.49e-01 -1.49e-01 -4.95e-02 4.95e-02 1.49e-01 2.49e-01 3.50e-01 4.54e-01 5.61e-01 6.76e-01 8.02e-01 8.75e-01
-8.20e-01 -7.51e-01 -6.35e-01 -5.31e-01 -4.31e-01 -3.33e-01 -2.37e-01 -1.42e-01 -4.73e-02 4.73e-02 1.42e-01 2.37e-01 3.33e-01 4.31e-01 5.31e-01 6.35e-01 7.51e-01 8.20e-01
-7.51e-01 -6.88e-01 -5.93e-01 -5.00e-01 -4.08e-01 -3.17e-01 -2.26e-01 -1.36e-01 -4.52e-02 4.52e-02 1.36e-01 2.26e-01 3.17e-01 4.08e-01 5.00e-01 5.93e-01 6.88e-01 7.51e-01
-7.07e-01 -6.63e-01 -5.75e-01 -4.86e-01 -3.98e-01 -3.09e-01 -2.21e-01 -1.33e-01 -4.42e-02 4.42e-02 1.33e-01 2.21e-01 3.09e-01 3.98e-01 4.86e-01 5.75e-01 6.63e-01 7.07e-01
