0.0000000000e+00 0.0000000000e+00 0.0000000000e+00 0.0000000000e+00 0.0000000000e+00 0.0000000000e+00 0.0000000000e+00 0.0000000000e+00 0.0000000000e+00 0.0000000000e+00 0.0000000000e+00 0.0000000000e+00 0.0000000000e+00 0.0000000000e+00 0.0000000000e+00 0.0000000000e+00 0.0000000000e+00 0.0000000000e+00
6.2500000000e-02 6.2500000000e-02 6.3964843750e-02 6.6894531250e-02 7.1289062500e-02 7.7148437500e-02 8.4472656250e-02 9.3261718750e-02 1.0351562500e-01 1.1523437500e-01 1.2841796875e-01 1.4306640625e-01 1.5917968750e-01 1.7675781250e-01 1.9580078125e-01 2.1630859375e-01 2.3828125000e-01 2.5000000000e-01
1.7968750000e-01 1.8017578125e-01 1.8499755859e-01 1.9366455078e-01 2.0617675781e-01 2.2253417969e-01 2.4273681641e-01 2.6678466797e-01 2.9467773438e-01 3.2641601562e-01 3.6199951172e-01 4.0142822266e-01 4.4470214844e-01 4.9182128906e-01 5.4278564453e-01 5.9759521484e-01 6.5625000000e-01 6.8750000000e-01
2.8906250000e-01 2.9052734375e-01 2.9913330078e-01 3.1341552734e-01 3.3337402344e-01 3.5900878906e-01 3.9031982422e-01 4.2730712891e-01 4.6997070312e-01 5.1831054688e-01 5.7232666016e-01 6.3201904297e-01 6.9738769531e-01 7.6843261719e-01 8.4515380859e-01 9.2755126953e-01 1.0156250000e+00 1.0625000000e+00
3.9062500000e-01 3.9355468750e-01 4.0637207031e-01 4.2614746094e-01 4.5288085938e-01 4.8657226562e-01 5.2722167969e-01 5.7482910156e-01 6.2939453125e-01 6.9091796875e-01 7.5939941406e-01 8.3483886719e-01 9.1723632812e-01 1.0065917969e+00 1.1029052734e+00 1.2061767578e+00 1.3164062500e+00 1.3750000000e+00
4.8437500000e-01 4.8925781250e-01 5.0671386719e-01 5.3186035156e-01 5.6469726562e-01 6.0522460938e-01 6.5344238281e-01 7.0935058594e-01 7.7294921875e-01 8.4423828125e-01 9.2321777344e-01 1.0098876953e+00 1.1042480469e+00 1.2062988281e+00 1.3160400391e+00 1.4334716797e+00 1.5585937500e+00 1.6250000000e+00
5.7031250000e-01 5.7763671875e-01 6.0015869141e-01 6.3055419922e-01 6.6882324219e-01 7.1496582031e-01 7.6898193359e-01 8.3087158203e-01 9.0063476562e-01 9.7827148438e-01 1.0637817383e+00 1.1571655273e+00 1.2584228516e+00 1.3675537109e+00 1.4845581055e+00 1.6094360352e+00 1.7421875000e+00 1.8125000000e+00
6.4843750000e-01 6.5869140625e-01 6.8670654297e-01 7.2222900391e-01 7.6525878906e-01 8.1579589844e-01 8.7384033203e-01 9.3939208984e-01 1.0124511719e+00 1.0930175781e+00 1.1810913086e+00 1.2766723633e+00 1.3797607422e+00 1.4903564453e+00 1.6084594727e+00 1.7340698242e+00 1.8671875000e+00 1.9375000000e+00
7.1875000000e-01 7.3242187500e-01 7.6635742188e-01 8.0688476562e-01 8.5400390625e-01 9.0771484375e-01 9.6801757812e-01 1.0349121094e+00 1.1083984375e+00 1.1884765625e+00 1.2751464844e+00 1.3684082031e+00 1.4682617188e+00 1.5747070312e+00 1.6877441406e+00 1.8073730469e+00 1.9335937500e+00 2.0000000000e+00
7.8125000000e-01 7.9882812500e-01 8.3911132812e-01 8.8452148438e-01 9.3505859375e-01 9.9072265625e-01 1.0515136719e+00 1.1174316406e+00 1.1884765625e+00 1.2646484375e+00 1.3459472656e+00 1.4323730469e+00 1.5239257812e+00 1.6206054688e+00 1.7224121094e+00 1.8293457031e+00 1.9414062500e+00 2.0000000000e+00
8.3593750000e-01 8.5693359375e-01 9.0277099609e-01 9.5245361328e-01 1.0059814453e+00 1.0633544922e+00 1.1245727539e+00 1.1896362305e+00 1.2585449219e+00 1.3312988281e+00 1.4078979492e+00 1.4883422852e+00 1.5726318359e+00 1.6607666016e+00 1.7527465820e+00 1.8485717773e+00 1.9482421875e+00 2.0000000000e+00
8.8281250000e-01 9.0673828125e-01 9.5733642578e-01 1.0106811523e+00 1.0667724609e+00 1.1256103516e+00 1.1871948242e+00 1.2515258789e+00 1.3186035156e+00 1.3884277344e+00 1.4609985352e+00 1.5363159180e+00 1.6143798828e+00 1.6951904297e+00 1.7787475586e+00 1.8650512695e+00 1.9541015625e+00 2.0000000000e+00
9.2187500000e-01 9.4824218750e-01 1.0028076172e+00 1.0592041016e+00 1.1174316406e+00 1.1774902344e+00 1.2393798828e+00 1.3031005859e+00 1.3686523438e+00 1.4360351562e+00 1.5052490234e+00 1.5762939453e+00 1.6491699219e+00 1.7238769531e+00 1.8004150391e+00 1.8787841797e+00 1.9589843750e+00 2.0000000000e+00
9.5312500000e-01 9.8144531250e-01 1.0391845703e+00 1.0980224609e+00 1.1579589844e+00 1.2189941406e+00 1.2811279297e+00 1.3443603516e+00 1.4086914062e+00 1.4741210938e+00 1.5406494141e+00 1.6082763672e+00 1.6770019531e+00 1.7468261719e+00 1.8177490234e+00 1.8897705078e+00 1.9628906250e+00 2.0000000000e+00
9.7656250000e-01 1.0063476562e+00 1.0664672852e+00 1.1271362305e+00 1.1883544922e+00 1.2501220703e+00 1.3124389648e+00 1.3753051758e+00 1.4387207031e+00 1.5026855469e+00 1.5671997070e+00 1.6322631836e+00 1.6978759766e+00 1.7640380859e+00 1.8307495117e+00 1.8980102539e+00 1.9658203125e+00 2.0000000000e+00
9.9218750000e-01 1.0229492188e+00 1.0846557617e+00 1.1465454102e+00 1.2086181641e+00 1.2708740234e+00 1.3333129883e+00 1.3959350586e+00 1.4587402344e+00 1.5217285156e+00 1.5848999023e+00 1.6482543945e+00 1.7117919922e+00 1.7755126953e+00 1.8394165039e+00 1.9035034180e+00 1.9677734375e+00 2.0000000000e+00
1.0000000000e+00 1.0312500000e+00 1.0937500000e+00 1.1562500000e+00 1.2187500000e+00 1.2812500000e+00 1.3437500000e+00 1.4062500000e+00 1.4687500000e+00 1.5312500000e+00 1.5937500000e+00 1.6562500000e+00 1.7187500000e+00 1.7812500000e+00 1.8437500000e+00 1.9062500000e+00 1.9687500000e+00 2.0000000000e+00
1.0000000000e+00 1.0312500000e+00 1.0937500000e+00 1.1562500000e+00 1.2187500000e+00 1.2812500000e+00 1.3437500000e+00 1.4062500000e+00 1.4687500000e+00 1.5312500000e+00 1.5937500000e+00 1.6562500000e+00 1.7187500000e+00 1.7812500000e+00 1.8437500000e+00 1.9062500000e+00 1.9687500000e+00 2.0000000000e+00
