4.05e-02 7.42e-02 1.42e-01 2.09e-01 2.77e-01 3.44e-01 4.12e-01 4.80e-01 5.47e-01 6.15e-01 6.82e-01 7.50e-01 8.17e-01 8.85e-01 9.52e-01 1.02e+00 1.09e+00 1.12e+00
4.93e-02 7.65e-02 1.39e-01 2.05e-01 2.71e-01 3.38e-01 4.04e-01 4.71e-01 5.37e-01 6.02e-01 6.68e-01 7.33e-01 7.99e-01 8.66e-01 9.35e-01 1.01e+00 1.08e+00 1.15e+00
5.05e-02 7.51e-02 1.33e-01 1.96e-01 2.60e-01 3.25e-01 3.90e-01 4.54e-01 5.18e-01 5.81e-01 6.43e-01 7.04e-01 7.65e-01 8.28e-01 8.95e-01 9.73e-01 1.07e+00 1.15e+00
3.47e-02 6.41e-02 1.24e-01 1.86e-01 2.50e-01 3.13e-01 3.77e-01 4.39e-01 5.01e-01 5.61e-01 6.21e-01 6.79e-01 7.36e-01 7.92e-01 8.52e-01 9.23e-01 1.02e+00 1.10e+00
7.16e-03 4.47e-02 1.11e-01 1.76e-01 2.39e-01 3.02e-01 3.65e-01 4.26e-01 4.86e-01 5.45e-01 6.03e-01 6.58e-01 7.11e-01 7.63e-01 8.14e-01 8.72e-01 9.50e-01 1.02e+00
-2.28e-02 2.25e-02 9.66e-02 1.64e-01 2.29e-01 2.92e-01 3.54e-01 4.15e-01 4.74e-01 5.32e-01 5.88e-01 6.41e-01 6.92e-01 7.40e-01 7.86e-01 8.32e-01 8.85e-01 9.32e-01
-4.51e-02 4.90e-03 8.47e-02 1.55e-01 2.21e-01 2.84e-01 3.45e-01 4.05e-01 4.63e-01 5.20e-01 5.76e-01 6.29e-01 6.78e-01 7.25e-01 7.68e-01 8.07e-01 8.44e-01 8.65e-01
-5.21e-02 -1.23e-03 7.93e-02 1.50e-01 2.15e-01 2.77e-01 3.37e-01 3.97e-01 4.55e-01 5.11e-01 5.67e-01 6.19e-01 6.70e-01 7.16e-01 7.59e-01 7.97e-01 8.32e-01 8.44e-01
-4.16e-02 6.46e-03 8.22e-02 1.49e-01 2.11e-01 2.72e-01 3.31e-01 3.90e-01 4.48e-01 5.04e-01 5.60e-01 6.13e-01 6.64e-01 7.13e-01 7.58e-01 8.01e-01 8.44e-01 8.75e-01
-1.71e-02 2.46e-02 9.10e-02 1.52e-01 2.10e-01 2.69e-01 3.26e-01 3.84e-01 4.41e-01 4.98e-01 5.54e-01 6.09e-01 6.62e-01 7.14e-01 7.64e-01 8.16e-01 8.84e-01 9.49e-01
1.32e-02 4.58e-02 1.01e-01 1.56e-01 2.10e-01 2.66e-01 3.22e-01 3.79e-01 4.36e-01 4.93e-01 5.50e-01 6.06e-01 6.62e-01 7.18e-01 7.76e-01 8.42e-01 9.41e-01 1.04e+00
3.90e-02 6.26e-02 1.09e-01 1.58e-01 2.09e-01 2.63e-01 3.17e-01 3.73e-01 4.30e-01 4.87e-01 5.45e-01 6.03e-01 6.62e-01 7.23e-01 7.89e-01 8.70e-01 9.95e-01 1.12e+00
5.17e-02 7.00e-02 1.12e-01 1.58e-01 2.07e-01 2.58e-01 3.12e-01 3.67e-01 4.24e-01 4.81e-01 5.40e-01 5.99e-01 6.60e-01 7.25e-01 7.96e-01 8.85e-01 1.02e+00 1.16e+00
4.70e-02 6.61e-02 1.08e-01 1.53e-01 2.01e-01 2.52e-01 3.06e-01 3.61e-01 4.17e-01 4.75e-01 5.33e-01 5.93e-01 6.55e-01 7.20e-01 7.92e-01 8.80e-01 1.01e+00 1.14e+00
2.64e-02 5.07e-02 9.68e-02 1.44e-01 1.94e-01 2.45e-01 2.98e-01 3.54e-01 4.10e-01 4.68e-01 5.26e-01 5.86e-01 6.47e-01 7.10e-01 7.77e-01 8.57e-01 9.70e-01 1.08e+00
-3.08e-03 2.65e-02 7.92e-02 1.31e-01 1.83e-01 2.36e-01 2.90e-01 3.46e-01 4.02e-01 4.60e-01 5.18e-01 5.77e-01 6.36e-01 6.96e-01 7.59e-01 8.27e-01 9.12e-01 9.91e-01
-3.15e-02 -4.30e-04 5.74e-02 1.13e-01 1.69e-01 2.25e-01 2.81e-01 3.37e-01 3.94e-01 4.52e-01 5.09e-01 5.67e-01 6.25e-01 6.83e-01 7.41e-01 8.01e-01 8.62e-01 9.06e-01
-4.05e-02 -1.17e-02 4.57e-02 1.03e-01 1.61e-01 2.18e-01 2.75e-01 3.33e-01 3.90e-01 4.48e-01 5.05e-01 5.63e-01 6.20e-01 6.78e-01 7.35e-01 7.92e-01 8.50e-01 8.79e-01
