4.41e-02 5.61e-02 7.17e-02 7.64e-02 6.94e-02 5.19e-02 2.65e-02 -3.00e-03 -3.20e-02 -5.61e-02 -7.17e-02 -7.64e-02 -6.94e-02 -5.19e-02 -2.65e-02 3.00e-03 3.20e-02 4.41e-02
7.81e-02 8.79e-02 9.81e-02 1.00e-01 9.47e-02 8.16e-02 6.26e-02 4.02e-02 1.77e-02 -1.35e-03 -1.38e-02 -1.75e-02 -1.16e-02 2.82e-03 2.34e-02 4.67e-02 6.93e-02 7.81e-02
1.46e-01 1.50e-01 1.54e-01 1.54e-01 1.48e-01 1.39e-01 1.26e-01 1.12e-01 9.83e-02 8.66e-02 7.92e-02 7.77e-02 8.24e-02 9.27e-02 1.07e-01 1.23e-01 1.39e-01 1.46e-01
2.14e-01 2.14e-01 2.13e-01 2.10e-01 2.04e-01 1.96e-01 1.87e-01 1.78e-01 1.69e-01 1.62e-01 1.59e-01 1.59e-01 1.64e-01 1.72e-01 1.82e-01 1.95e-01 2.08e-01 2.14e-01
2.82e-01 2.79e-01 2.74e-01 2.68e-01 2.62e-01 2.54e-01 2.47e-01 2.40e-01 2.34e-01 2.30e-01 2.29e-01 2.31e-01 2.36e-01 2.44e-01 2.53e-01 2.64e-01 2.76e-01 2.82e-01
3.50e-01 3.45e-01 3.36e-01 3.28e-01 3.20e-01 3.12e-01 3.05e-01 3.00e-01 2.96e-01 2.94e-01 2.94e-01 2.97e-01 3.03e-01 3.10e-01 3.20e-01 3.31e-01 3.43e-01 3.50e-01
4.18e-01 4.11e-01 3.99e-01 3.88e-01 3.78e-01 3.69e-01 3.62e-01 3.57e-01 3.54e-01 3.53e-01 3.54e-01 3.58e-01 3.64e-01 3.72e-01 3.83e-01 3.95e-01 4.10e-01 4.18e-01
4.86e-01 4.77e-01 4.62e-01 4.48e-01 4.36e-01 4.26e-01 4.18e-01 4.12e-01 4.09e-01 4.08e-01 4.10e-01 4.14e-01 4.21e-01 4.31e-01 4.42e-01 4.57e-01 4.75e-01 4.86e-01
5.54e-01 5.44e-01 5.25e-01 5.08e-01 4.94e-01 4.82e-01 4.72e-01 4.65e-01 4.61e-01 4.60e-01 4.62e-01 4.67e-01 4.74e-01 4.85e-01 4.98e-01 5.15e-01 5.38e-01 5.54e-01
6.22e-01 6.10e-01 5.89e-01 5.69e-01 5.51e-01 5.37e-01 5.25e-01 5.16e-01 5.11e-01 5.09e-01 5.11e-01 5.15e-01 5.23e-01 5.34e-01 5.49e-01 5.70e-01 5.99e-01 6.22e-01
6.90e-01 6.78e-01 6.54e-01 6.31e-01 6.10e-01 5.91e-01 5.76e-01 5.65e-01 5.58e-01 5.55e-01 5.56e-01 5.60e-01 5.68e-01 5.80e-01 5.97e-01 6.22e-01 6.59e-01 6.90e-01
7.58e-01 7.46e-01 7.21e-01 6.95e-01 6.69e-01 6.47e-01 6.28e-01 6.13e-01 6.04e-01 5.98e-01 5.98e-01 6.01e-01 6.09e-01 6.22e-01 6.42e-01 6.73e-01 7.21e-01 7.58e-01
8.26e-01 8.15e-01 7.90e-01 7.62e-01 7.32e-01 7.04e-01 6.80e-01 6.61e-01 6.47e-01 6.39e-01 6.37e-01 6.39e-01 6.47e-01 6.62e-01 6.86e-01 7.25e-01 7.84e-01 8.26e-01
8.94e-01 8.86e-01 8.63e-01 8.34e-01 8.01e-01 7.67e-01 7.35e-01 7.09e-01 6.90e-01 6.78e-01 6.73e-01 6.74e-01 6.83e-01 7.00e-01 7.31e-01 7.80e-01 8.50e-01 8.94e-01
9.62e-01 9.56e-01 9.40e-01 9.15e-01 8.80e-01 8.39e-01 7.98e-01 7.61e-01 7.34e-01 7.16e-01 7.07e-01 7.06e-01 7.15e-01 7.37e-01 7.77e-01 8.38e-01 9.17e-01 9.62e-01
1.03e+00 1.03e+00 1.02e+00 1.01e+00 9.74e-01 9.29e-01 8.76e-01 8.25e-01 7.83e-01 7.54e-01 7.38e-01 7.35e-01 7.47e-01 7.76e-01 8.28e-01 9.01e-01 9.88e-01 1.03e+00
1.10e+00 1.10e+00 1.12e+00 1.12e+00 1.10e+00 1.05e+00 9.86e-01 9.14e-01 8.48e-01 7.97e-01 7.68e-01 7.61e-01 7.76e-01 8.18e-01 8.86e-01 9.71e-01 1.06e+00 1.10e+00
1.13e+00 1.17e+00 1.22e+00 1.23e+00 1.21e+00 1.16e+00 1.08e+00 9.91e-01 9.04e-01 8.32e-01 7.85e-01 7.71e-01 7.92e-01 8.44e-01 9.21e-01 1.01e+00 1.10e+00 1.13e+00
