4.98e-02 4.71e-02 -2.99e-03 -5.06e-02 -4.89e-02 2.79e-04 4.92e-02 5.03e-02 2.52e-03 -4.77e-02 -5.16e-02 -5.31e-03 4.61e-02 5.27e-02 8.13e-03 -4.44e-02 -5.36e-02 -3.25e-02
8.42e-02 7.58e-02 5.43e-02 2.77e-02 2.78e-02 5.30e-02 7.02e-02 6.96e-02 5.08e-02 2.24e-02 1.96e-02 4.59e-02 6.59e-02 6.63e-02 4.90e-02 1.64e-02 -1.43e-03 -3.25e-03
1.53e-01 1.46e-01 1.29e-01 1.15e-01 1.10e-01 1.15e-01 1.20e-01 1.18e-01 1.09e-01 9.74e-02 9.46e-02 1.01e-01 1.07e-01 1.05e-01 9.48e-02 7.99e-02 6.20e-02 5.52e-02
2.22e-01 2.15e-01 2.01e-01 1.88e-01 1.81e-01 1.78e-01 1.76e-01 1.72e-01 1.66e-01 1.60e-01 1.56e-01 1.56e-01 1.55e-01 1.51e-01 1.44e-01 1.33e-01 1.21e-01 1.14e-01
2.90e-01 2.83e-01 2.69e-01 2.56e-01 2.46e-01 2.39e-01 2.34e-01 2.28e-01 2.23e-01 2.17e-01 2.13e-01 2.10e-01 2.06e-01 2.02e-01 1.96e-01 1.87e-01 1.78e-01 1.72e-01
3.59e-01 3.51e-01 3.35e-01 3.21e-01 3.10e-01 3.00e-01 2.92e-01 2.86e-01 2.80e-01 2.74e-01 2.69e-01 2.65e-01 2.60e-01 2.55e-01 2.50e-01 2.43e-01 2.35e-01 2.31e-01
4.28e-01 4.18e-01 4.01e-01 3.85e-01 3.71e-01 3.60e-01 3.51e-01 3.43e-01 3.36e-01 3.30e-01 3.24e-01 3.20e-01 3.15e-01 3.10e-01 3.05e-01 2.99e-01 2.93e-01 2.89e-01
4.97e-01 4.85e-01 4.65e-01 4.47e-01 4.32e-01 4.19e-01 4.08e-01 4.00e-01 3.92e-01 3.85e-01 3.80e-01 3.75e-01 3.70e-01 3.65e-01 3.61e-01 3.56e-01 3.50e-01 3.47e-01
5.65e-01 5.51e-01 5.27e-01 5.07e-01 4.90e-01 4.76e-01 4.65e-01 4.55e-01 4.47e-01 4.40e-01 4.34e-01 4.29e-01 4.25e-01 4.20e-01 4.16e-01 4.12e-01 4.08e-01 4.06e-01
6.34e-01 6.17e-01 5.88e-01 5.65e-01 5.47e-01 5.32e-01 5.20e-01 5.10e-01 5.01e-01 4.94e-01 4.88e-01 4.83e-01 4.79e-01 4.75e-01 4.72e-01 4.69e-01 4.66e-01 4.64e-01
7.03e-01 6.81e-01 6.47e-01 6.21e-01 6.02e-01 5.86e-01 5.73e-01 5.63e-01 5.54e-01 5.47e-01 5.41e-01 5.37e-01 5.33e-01 5.30e-01 5.27e-01 5.25e-01 5.23e-01 5.23e-01
7.72e-01 7.43e-01 7.02e-01 6.74e-01 6.53e-01 6.38e-01 6.25e-01 6.14e-01 6.05e-01 5.98e-01 5.93e-01 5.89e-01 5.86e-01 5.84e-01 5.82e-01 5.81e-01 5.81e-01 5.81e-01
8.40e-01 8.03e-01 7.54e-01 7.22e-01 7.01e-01 6.87e-01 6.75e-01 6.64e-01 6.54e-01 6.47e-01 6.43e-01 6.40e-01 6.38e-01 6.37e-01 6.36e-01 6.36e-01 6.38e-01 6.40e-01
9.09e-01 8.62e-01 8.01e-01 7.65e-01 7.44e-01 7.33e-01 7.24e-01 7.13e-01 7.02e-01 6.94e-01 6.91e-01 6.90e-01 6.90e-01 6.90e-01 6.89e-01 6.89e-01 6.94e-01 6.98e-01
9.78e-01 9.22e-01 8.44e-01 7.99e-01 7.79e-01 7.73e-01 7.72e-01 7.63e-01 7.48e-01 7.39e-01 7.36e-01 7.38e-01 7.44e-01 7.45e-01 7.41e-01 7.39e-01 7.47e-01 7.56e-01
1.05e+00 9.85e-01 8.86e-01 8.28e-01 8.08e-01 8.12e-01 8.28e-01 8.23e-01 7.98e-01 7.81e-01 7.79e-01 7.88e-01 8.06e-01 8.11e-01 7.96e-01 7.86e-01 7.93e-01 8.15e-01
1.12e+00 1.07e+00 9.28e-01 8.50e-01 8.31e-01 8.66e-01 9.31e-01 9.33e-01 8.66e-01 8.26e-01 8.23e-01 8.52e-01 9.19e-01 9.30e-01 8.70e-01 8.27e-01 8.32e-01 8.73e-01
1.15e+00 1.14e+00 9.91e-01 8.48e-01 8.53e-01 1.00e+00 1.15e+00 1.15e+00 1.01e+00 8.57e-01 8.45e-01 9.84e-01 1.14e+00 1.16e+00 1.02e+00 8.67e-01 8.39e-01 9.03e-01
