6.00e-01 6.00e-01 5.94e-01 5.83e-01 5.66e-01 5.43e-01 5.15e-01 4.83e-01 4.45e-01 4.03e-01 3.58e-01 3.09e-01 2.57e-01 2.02e-01 1.46e-01 8.81e-02 2.95e-02 3.67e-17
6.13e-01 6.12e-01 6.05e-01 5.93e-01 5.76e-01 5.53e-01 5.24e-01 4.90e-01 4.52e-01 4.08e-01 3.62e-01 3.11e-01 2.58e-01 2.03e-01 1.46e-01 8.80e-02 2.94e-02 3.75e-17
6.37e-01 6.35e-01 6.28e-01 6.15e-01 5.96e-01 5.72e-01 5.42e-01 5.06e-01 4.65e-01 4.19e-01 3.70e-01 3.17e-01 2.62e-01 2.05e-01 1.47e-01 8.82e-02 2.94e-02 3.90e-17
6.63e-01 6.59e-01 6.50e-01 6.37e-01 6.17e-01 5.92e-01 5.60e-01 5.22e-01 4.79e-01 4.31e-01 3.79e-01 3.24e-01 2.67e-01 2.08e-01 1.48e-01 8.89e-02 2.94e-02 4.06e-17
6.88e-01 6.83e-01 6.73e-01 6.59e-01 6.39e-01 6.12e-01 5.79e-01 5.40e-01 4.94e-01 4.44e-01 3.90e-01 3.32e-01 2.73e-01 2.12e-01 1.51e-01 8.99e-02 2.96e-02 4.21e-17
7.12e-01 7.08e-01 6.97e-01 6.82e-01 6.61e-01 6.33e-01 5.98e-01 5.57e-01 5.10e-01 4.58e-01 4.01e-01 3.41e-01 2.79e-01 2.16e-01 1.54e-01 9.13e-02 2.99e-02 4.36e-17
7.38e-01 7.32e-01 7.21e-01 7.05e-01 6.83e-01 6.54e-01 6.18e-01 5.76e-01 5.27e-01 4.72e-01 4.13e-01 3.51e-01 2.87e-01 2.22e-01 1.57e-01 9.30e-02 3.03e-02 4.52e-17
7.62e-01 7.57e-01 7.45e-01 7.28e-01 7.06e-01 6.76e-01 6.39e-01 5.95e-01 5.44e-01 4.88e-01 4.27e-01 3.62e-01 2.96e-01 2.28e-01 1.61e-01 9.51e-02 3.09e-02 4.67e-17
7.87e-01 7.82e-01 7.69e-01 7.52e-01 7.29e-01 6.98e-01 6.60e-01 6.14e-01 5.62e-01 5.04e-01 4.41e-01 3.74e-01 3.05e-01 2.35e-01 1.66e-01 9.75e-02 3.16e-02 4.82e-17
8.13e-01 8.07e-01 7.94e-01 7.77e-01 7.52e-01 7.21e-01 6.82e-01 6.35e-01 5.81e-01 5.21e-01 4.56e-01 3.87e-01 3.16e-01 2.43e-01 1.71e-01 1.00e-01 3.24e-02 4.98e-17
8.38e-01 8.32e-01 8.19e-01 8.01e-01 7.77e-01 7.44e-01 7.04e-01 6.56e-01 6.00e-01 5.39e-01 4.72e-01 4.01e-01 3.27e-01 2.52e-01 1.77e-01 1.04e-01 3.33e-02 5.13e-17
8.62e-01 8.57e-01 8.45e-01 8.27e-01 8.01e-01 7.68e-01 7.26e-01 6.77e-01 6.21e-01 5.58e-01 4.89e-01 4.16e-01 3.40e-01 2.62e-01 1.84e-01 1.07e-01 3.44e-02 5.28e-17
8.87e-01 8.83e-01 8.71e-01 8.52e-01 8.26e-01 7.92e-01 7.50e-01 6.99e-01 6.41e-01 5.77e-01 5.07e-01 4.32e-01 3.53e-01 2.73e-01 1.91e-01 1.12e-01 3.56e-02 5.43e-17
9.13e-01 9.08e-01 8.97e-01 8.78e-01 8.52e-01 8.17e-01 7.73e-01 7.22e-01 6.63e-01 5.97e-01 5.26e-01 4.49e-01 3.68e-01 2.85e-01 2.00e-01 1.16e-01 3.71e-02 5.59e-17
9.37e-01 9.34e-01 9.23e-01 9.04e-01 8.77e-01 8.41e-01 7.97e-01 7.45e-01 6.85e-01 6.18e-01 5.45e-01 4.67e-01 3.84e-01 2.98e-01 2.10e-01 1.23e-01 3.89e-02 5.74e-17
9.63e-01 9.60e-01 9.50e-01 9.31e-01 9.03e-01 8.67e-01 8.22e-01 7.68e-01 7.07e-01 6.39e-01 5.65e-01 4.85e-01 4.01e-01 3.13e-01 2.22e-01 1.30e-01 4.13e-02 5.89e-17
9.88e-01 9.87e-01 9.77e-01 9.58e-01 9.29e-01 8.92e-01 8.46e-01 7.92e-01 7.30e-01 6.61e-01 5.86e-01 5.05e-01 4.19e-01 3.29e-01 2.35e-01 1.40e-01 4.45e-02 6.05e-17
1.00e+00 1.00e+00 9.90e-01 9.71e-01 9.43e-01 9.05e-01 8.59e-01 8.04e-01 7.42e-01 6.72e-01 5.96e-01 5.15e-01 4.28e-01 3.37e-01 2.43e-01 1.47e-01 4.91e-02 6.12e-17
