0.00e+00 0.00e+00 0.00e+00 0.00e+00 0.00e+00 0.00e+00 0.00e+00 0.00e+00 0.00e+00 0.00e+00 0.00e+00 0.00e+00 0.00e+00 0.00e+00 0.00e+00 0.00e+00 0.00e+00 0.00e+00
3.13e-02 3.12e-02 3.12e-02 3.12e-02 3.12e-02 3.12e-02 3.12e-02 3.12e-02 3.12e-02 3.12e-02 3.12e-02 3.12e-02 3.12e-02 3.12e-02 3.12e-02 3.12e-02 3.12e-02 3.13e-02
9.37e-02 9.37e-02 9.37e-02 9.37e-02 9.37e-02 9.37e-02 9.37e-02 9.37e-02 9.37e-02 9.37e-02 9.37e-02 9.37e-02 9.37e-02 9.37e-02 9.37e-02 9.37e-02 9.37e-02 9.37e-02
1.56e-01 1.56e-01 1.56e-01 1.56e-01 1.56e-01 1.56e-01 1.56e-01 1.56e-01 1.56e-01 1.56e-01 1.56e-01 1.56e-01 1.56e-01 1.56e-01 1.56e-01 1.56e-01 1.56e-01 1.56e-01
2.19e-01 2.19e-01 2.19e-01 2.19e-01 2.19e-01 2.19e-01 2.19e-01 2.19e-01 2.19e-01 2.19e-01 2.19e-01 2.19e-01 2.19e-01 2.19e-01 2.19e-01 2.19e-01 2.19e-01 2.19e-01
2.81e-01 2.81e-01 2.81e-01 2.81e-01 2.81e-01 2.81e-01 2.81e-01 2.81e-01 2.81e-01 2.81e-01 2.81e-01 2.81e-01 2.81e-01 2.81e-01 2.81e-01 2.81e-01 2.81e-01 2.81e-01
3.44e-01 3.44e-01 3.44e-01 3.44e-01 3.44e-01 3.44e-01 3.44e-01 3.44e-01 3.44e-01 3.44e-01 3.44e-01 3.44e-01 3.44e-01 3.44e-01 3.44e-01 3.44e-01 3.44e-01 3.44e-01
4.06e-01 4.06e-01 4.06e-01 4.06e-01 4.06e-01 4.06e-01 4.06e-01 4.06e-01 4.06e-01 4.06e-01 4.06e-01 4.06e-01 4.06e-01 4.06e-01 4.06e-01 4.06e-01 4.06e-01 4.06e-01
4.69e-01 4.69e-01 4.69e-01 4.69e-01 4.69e-01 4.69e-01 4.69e-01 4.69e-01 4.69e-01 4.69e-01 4.69e-01 4.69e-01 4.69e-01 4.69e-01 4.69e-01 4.69e-01 4.69e-01 4.69e-01
5.31e-01 5.31e-01 5.31e-01 5.31e-01 5.31e-01 5.31e-01 5.31e-01 5.31e-01 5.31e-01 5.31e-01 5.31e-01 5.31e-01 5.31e-01 5.31e-01 5.31e-01 5.31e-01 5.31e-01 5.31e-01
5.94e-01 5.94e-01 5.94e-01 5.94e-01 5.94e-01 5.94e-01 5.94e-01 5.94e-01 5.94e-01 5.94e-01 5.94e-01 5.94e-01 5.94e-01 5.94e-01 5.94e-01 5.94e-01 5.94e-01 5.94e-01
6.56e-01 6.56e-01 6.56e-01 6.56e-01 6.56e-01 6.56e-01 6.56e-01 6.56e-01 6.56e-01 6.56e-01 6.56e-01 6.56e-01 6.56e-01 6.56e-01 6.56e-01 6.56e-01 6.56e-01 6.56e-01
7.19e-01 7.19e-01 7.19e-01 7.19e-01 7.19e-01 7.19e-01 7.19e-01 7.19e-01 7.19e-01 7.19e-01 7.19e-01 7.19e-01 7.19e-01 7.19e-01 7.19e-01 7.19e-01 7.19e-01 7.19e-01
7.81e-01 7.81e-01 7.81e-01 7.81e-01 7.81e-01 7.81e-01 7.81e-01 7.81e-01 7.81e-01 7.81e-01 7.81e-01 7.81e-01 7.81e-01 7.81e-01 7.81e-01 7.81e-01 7.81e-01 7.81e-01
8.44e-01 8.44e-01 8.44e-01 8.44e-01 8.44e-01 8.44e-01 8.44e-01 8.44e-01 8.44e-01 8.44e-01 8.44e-01 8.44e-01 8.44e-01 8.44e-01 8.44e-01 8.44e-01 8.44e-01 8.44e-01
9.06e-01 9.06e-01 9.06e-01 9.06e-01 9.06e-01 9.06e-01 9.06e-01 9.06e-01 9.06e-01 9.06e-01 9.06e-01 9.06e-01 9.06e-01 9.06e-01 9.06e-01 9.06e-01 9.06e-01 9.06e-01
9.69e-01 9.69e-01 9.69e-01 9.69e-01 9.69e-01 9.69e-01 9.69e-01 9.69e-01 9.69e-01 9.69e-01 9.69e-01 9.69e-01 9.69e-01 9.69e-01 9.69e-01 9.69e-01 9.69e-01 9.69e-01
1.00e+00 1.00e+00 1.00e+00 1.00e+00 1.00e+00 1.00e+00 1.00e+00 1.00e+00 1.00e+00 1.00e+00 1.00e+00 1.00e+00 1.00e+00 1.00e+00 1.00e+00 1.00e+00 1.00e+00 1.00e+00
