-5.22e-01 -4.99e-01 -4.76e-01 -4.18e-01 -3.90e-01 -3.26e-01 -2.68e-01 -1.82e-01 -1.25e-01 -6.69e-02 -2.22e-02 3.26e-02 1.51e-01 2.19e-01 2.94e-01 3.71e-01 4.63e-01 5.23e-01
-4.97e-01 -4.79e-01 -4.29e-01 -3.90e-01 -3.33e-01 -2.82e-01 -2.24e-01 -1.76e-01 -1.17e-01 -6.09e-02 3.04e-03 7.72e-02 1.30e-01 2.11e-01 2.89e-01 3.71e-01 4.54e-01 4.93e-01
-4.50e-01 -4.24e-01 -3.79e-01 -3.28e-01 -2.82e-01 -2.33e-01 -1.88e-01 -1.38e-01 -9.10e-02 -3.99e-02 1.21e-02 6.37e-02 1.27e-01 1.86e-01 2.53e-01 3.22e-01 3.94e-01 4.32e-01
-3.99e-01 -3.77e-01 -3.30e-01 -2.85e-01 -2.41e-01 -1.99e-01 -1.58e-01 -1.20e-01 -7.93e-02 -3.94e-02 2.09e-03 4.67e-02 9.10e-02 1.43e-01 1.98e-01 2.60e-01 3.27e-01 3.63e-01
-3.57e-01 -3.33e-01 -2.84e-01 -2.43e-01 -2.07e-01 -1.74e-01 -1.42e-01 -1.10e-01 -7.89e-02 -4.74e-02 -1.58e-02 1.62e-02 5.10e-02 8.72e-02 1.29e-01 1.79e-01 2.38e-01 2.68e-01
-3.01e-01 -2.73e-01 -2.37e-01 -2.09e-01 -1.84e-01 -1.59e-01 -1.34e-01 -1.09e-01 -8.42e-02 -5.94e-02 -3.47e-02 -1.02e-02 1.34e-02 3.77e-02 6.29e-02 9.22e-02 1.33e-01 1.65e-01
-2.35e-01 -2.30e-01 -2.17e-01 -1.98e-01 -1.78e-01 -1.57e-01 -1.36e-01 -1.14e-01 -9.20e-02 -7.01e-02 -4.85e-02 -2.78e-02 -7.84e-03 1.03e-02 2.63e-02 3.93e-02 4.75e-02 4.91e-02
-3.54e-01 -2.79e-01 -2.39e-01 -2.12e-01 -1.88e-01 -1.66e-01 -1.44e-01 -1.22e-01 -9.98e-02 -7.79e-02 -5.61e-02 -3.45e-02 -1.33e-02 7.78e-03 2.85e-02 5.02e-02 7.76e-02 1.07e-01
-4.22e-01 -3.63e-01 -2.82e-01 -2.41e-01 -2.08e-01 -1.80e-01 -1.54e-01 -1.29e-01 -1.05e-01 -8.23e-02 -5.92e-02 -3.58e-02 -1.15e-02 1.43e-02 4.31e-02 7.68e-02 1.22e-01 1.52e-01
-4.69e-01 -3.94e-01 -3.18e-01 -2.60e-01 -2.20e-01 -1.86e-01 -1.57e-01 -1.31e-01 -1.06e-01 -8.27e-02 -5.94e-02 -3.59e-02 -1.16e-02 1.41e-02 4.25e-02 7.53e-02 1.20e-01 1.47e-01
-4.26e-01 -3.67e-01 -2.83e-01 -2.39e-01 -2.05e-01 -1.76e-01 -1.50e-01 -1.25e-01 -1.01e-01 -7.82e-02 -5.60e-02 -3.44e-02 -1.33e-02 7.50e-03 2.80e-02 4.97e-02 7.75e-02 1.11e-01
-3.54e-01 -2.77e-01 -2.35e-01 -2.06e-01 -1.82e-01 -1.59e-01 -1.36e-01 -1.13e-01 -9.02e-02 -6.81e-02 -4.67e-02 -2.62e-02 -6.99e-03 1.05e-02 2.58e-02 3.84e-02 4.63e-02 4.66e-02
-2.24e-01 -2.21e-01 -2.08e-01 -1.89e-01 -1.69e-01 -1.47e-01 -1.24e-01 -1.01e-01 -7.69e-02 -5.30e-02 -2.91e-02 -5.74e-03 1.74e-02 4.05e-02 6.43e-02 9.12e-02 1.28e-01 1.57e-01
-3.08e-01 -2.74e-01 -2.33e-01 -2.04e-01 -1.77e-01 -1.50e-01 -1.22e-01 -9.40e-02 -6.56e-02 -3.58e-02 -5.77e-03 2.64e-02 6.03e-02 9.72e-02 1.40e-01 1.93e-01 2.58e-01 2.96e-01
-3.79e-01 -3.52e-01 -2.95e-01 -2.48e-01 -2.07e-01 -1.69e-01 -1.33e-01 -9.81e-02 -6.06e-02 -2.30e-02 1.86e-02 6.13e-02 1.08e-01 1.60e-01 2.17e-01 2.79e-01 3.47e-01 3.79e-01
-4.23e-01 -4.01e-01 -3.50e-01 -2.99e-01 -2.49e-01 -2.03e-01 -1.58e-01 -1.11e-01 -6.71e-02 -1.73e-02 3.12e-02 8.74e-02 1.46e-01 2.07e-01 2.72e-01 3.39e-01 4.01e-01 4.38e-01
-4.70e-01 -4.52e-01 -4.15e-01 -3.62e-01 -3.07e-01 -2.46e-01 -1.92e-01 -1.40e-01 -7.79e-02 -2.33e-02 4.36e-02 9.69e-02 1.52e-01 2.21e-01 2.96e-01 3.78e-01 4.78e-01 5.18e-01
-5.19e-01 -5.07e-01 -4.71e-01 -4.37e-01 -3.73e-01 -3.01e-01 -2.10e-01 -1.19e-01 -6.57e-02 -1.49e-02 4.43e-03 7.46e-02 1.57e-01 2.22e-01 2.83e-01 3.52e-01 4.24e-01 5.01e-01
