-3.28e-01 -4.31e-01 -5.16e-01 -5.21e-01 -5.84e-01 -5.95e-01 -6.32e-01 -6.24e-01 -5.97e-01 -5.47e-01 -4.78e-01 -6.54e-01 -6.69e-01 -6.86e-01 -7.17e-01 -7.32e-01 -7.60e-01 -6.79e-01
-2.36e-01 -2.45e-01 -3.56e-01 -4.27e-01 -4.49e-01 -4.84e-01 -4.87e-01 -4.90e-01 -4.76e-01 -4.62e-01 -4.72e-01 -4.51e-01 -5.37e-01 -5.66e-01 -5.75e-01 -5.73e-01 -5.23e-01 -5.37e-01
-1.72e-01 -1.78e-01 -1.94e-01 -2.41e-01 -2.86e-01 -3.10e-01 -3.35e-01 -3.49e-01 -3.64e-01 -3.78e-01 -3.83e-01 -3.93e-01 -3.78e-01 -3.91e-01 -4.01e-01 -4.03e-01 -4.22e-01 -4.18e-01
-1.36e-01 -1.35e-01 -1.39e-01 -1.50e-01 -1.73e-01 -2.00e-01 -2.20e-01 -2.39e-01 -2.54e-01 -2.64e-01 -2.74e-01 -2.78e-01 -2.89e-01 -2.88e-01 -2.94e-01 -3.06e-01 -3.13e-01 -3.21e-01
-1.11e-01 -1.09e-01 -1.04e-01 -1.05e-01 -1.11e-01 -1.23e-01 -1.38e-01 -1.51e-01 -1.64e-01 -1.75e-01 -1.83e-01 -1.90e-01 -1.93e-01 -1.99e-01 -2.04e-01 -2.09e-01 -2.17e-01 -2.20e-01
-7.86e-02 -7.71e-02 -7.53e-02 -7.28e-02 -7.21e-02 -7.52e-02 -8.11e-02 -8.91e-02 -9.67e-02 -1.04e-01 -1.10e-01 -1.15e-01 -1.19e-01 -1.21e-01 -1.22e-01 -1.22e-01 -1.19e-01 -1.16e-01
-4.00e-02 -4.16e-02 -4.31e-02 -4.33e-02 -4.25e-02 -4.21e-02 -4.36e-02 -4.65e-02 -5.04e-02 -5.42e-02 -5.74e-02 -6.00e-02 -6.07e-02 -6.05e-02 -5.81e-02 -5.28e-02 -4.52e-02 -4.13e-02
-2.53e-02 -2.51e-02 -2.16e-02 -1.98e-02 -1.86e-02 -1.77e-02 -1.75e-02 -1.82e-02 -1.96e-02 -2.12e-02 -2.24e-02 -2.28e-02 -2.24e-02 -2.12e-02 -1.98e-02 -2.01e-02 -2.43e-02 -2.77e-02
-1.33e-02 -4.70e-03 -2.30e-03 -3.64e-04 8.10e-04 1.57e-03 1.83e-03 1.73e-03 1.25e-03 6.88e-04 2.89e-04 2.89e-04 8.00e-04 1.34e-03 1.05e-03 -5.43e-04 -1.91e-03 -3.79e-03
2.09e-02 2.12e-02 2.11e-02 2.06e-02 2.00e-02 1.95e-02 1.91e-02 1.88e-02 1.88e-02 1.87e-02 1.85e-02 1.79e-02 1.72e-02 1.67e-02 1.77e-02 2.00e-02 2.28e-02 2.77e-02
5.57e-02 4.82e-02 4.52e-02 4.26e-02 4.05e-02 3.90e-02 3.83e-02 3.85e-02 3.94e-02 4.05e-02 4.10e-02 4.09e-02 3.95e-02 3.76e-02 3.59e-02 3.70e-02 4.13e-02 4.04e-02
7.09e-02 7.12e-02 6.76e-02 6.50e-02 6.31e-02 6.23e-02 6.35e-02 6.62e-02 6.97e-02 7.31e-02 7.62e-02 7.77e-02 7.82e-02 7.65e-02 7.24e-02 6.54e-02 6.04e-02 6.27e-02
9.21e-02 9.17e-02 9.11e-02 9.07e-02 9.09e-02 9.43e-02 1.00e-01 1.08e-01 1.15e-01 1.23e-01 1.28e-01 1.34e-01 1.37e-01 1.39e-01 1.40e-01 1.36e-01 1.23e-01 1.11e-01
1.19e-01 1.20e-01 1.22e-01 1.23e-01 1.29e-01 1.41e-01 1.55e-01 1.69e-01 1.82e-01 1.92e-01 2.02e-01 2.07e-01 2.15e-01 2.21e-01 2.29e-01 2.40e-01 2.59e-01 2.71e-01
1.60e-01 1.61e-01 1.58e-01 1.67e-01 1.89e-01 2.14e-01 2.36e-01 2.53e-01 2.67e-01 2.82e-01 2.89e-01 3.02e-01 3.05e-01 3.12e-01 3.22e-01 3.33e-01 3.38e-01 3.42e-01
1.95e-01 1.88e-01 2.10e-01 2.54e-01 2.94e-01 3.18e-01 3.40e-01 3.62e-01 3.83e-01 3.86e-01 4.01e-01 3.90e-01 4.08e-01 4.25e-01 4.34e-01 4.40e-01 4.52e-01 4.50e-01
2.38e-01 2.70e-01 3.66e-01 4.29e-01 4.56e-01 4.90e-01 4.95e-01 4.72e-01 4.51e-01 4.75e-01 4.52e-01 5.34e-01 5.72e-01 5.91e-01 6.01e-01 6.01e-01 5.74e-01 5.87e-01
3.54e-01 4.25e-01 5.07e-01 5.41e-01 6.14e-01 6.32e-01 6.42e-01 6.41e-01 5.73e-01 4.70e-01 6.38e-01 6.69e-01 6.77e-01 6.96e-01 7.12e-01 7.29e-01 7.52e-01 6.99e-01
