1.0000000000e+00 1.0312500000e+00 1.0937500000e+00 1.1562500000e+00 1.2187500000e+00 1.2812500000e+00 1.3437500000e+00 1.4062500000e+00 1.4687500000e+00 1.5312500000e+00 1.5937500000e+00 1.6562500000e+00 1.7187500000e+00 1.7812500000e+00 1.8437500000e+00 1.9062500000e+00 1.9687500000e+00 2.0000000000e+00
1.0000000000e+00 1.0332031250e+00 1.0991210938e+00 1.1645507812e+00 1.2294921875e+00 1.2939453125e+00 1.3579101562e+00 1.4213867188e+00 1.4843750000e+00 1.5468750000e+00 1.6088867188e+00 1.6704101562e+00 1.7314453125e+00 1.7919921875e+00 1.8520507812e+00 1.9116210938e+00 1.9707031250e+00 2.0000000000e+00
9.9218750000e-01 1.0279296875e+00 1.0983520508e+00 1.1677124023e+00 1.2360107422e+00 1.3032470703e+00 1.3694213867e+00 1.4345336914e+00 1.4985839844e+00 1.5615722656e+00 1.6234985352e+00 1.6843627930e+00 1.7441650391e+00 1.8029052734e+00 1.8605834961e+00 1.9171997070e+00 1.9727539062e+00 2.0000000000e+00
9.7656250000e-01 1.0134765625e+00 1.0860717773e+00 1.1574340820e+00 1.2275634766e+00 1.2964599609e+00 1.3641235352e+00 1.4305541992e+00 1.4957519531e+00 1.5597167969e+00 1.6224487305e+00 1.6839477539e+00 1.7442138672e+00 1.8032470703e+00 1.8610473633e+00 1.9176147461e+00 1.9729492187e+00 2.0000000000e+00
9.5312500000e-01 9.8984375000e-01 1.0622802734e+00 1.1337158203e+00 1.2041503906e+00 1.2735839844e+00 1.3420166016e+00 1.4094482422e+00 1.4758789062e+00 1.5413085937e+00 1.6057373047e+00 1.6691650391e+00 1.7315917969e+00 1.7930175781e+00 1.8534423828e+00 1.9128662109e+00 1.9712890625e+00 2.0000000000e+00
9.2187500000e-01 9.5703125000e-01 1.0269775391e+00 1.0965576172e+00 1.1657714844e+00 1.2346191406e+00 1.3031005859e+00 1.3712158203e+00 1.4389648438e+00 1.5063476562e+00 1.5733642578e+00 1.6400146484e+00 1.7062988281e+00 1.7722167969e+00 1.8377685547e+00 1.9029541016e+00 1.9677734375e+00 2.0000000000e+00
8.8281250000e-01 9.1503906250e-01 9.8016357422e-01 1.0459594727e+00 1.1124267578e+00 1.1795654297e+00 1.2473754883e+00 1.3158569336e+00 1.3850097656e+00 1.4548339844e+00 1.5253295898e+00 1.5964965820e+00 1.6683349609e+00 1.7408447266e+00 1.8140258789e+00 1.8878784180e+00 1.9624023438e+00 2.0000000000e+00
8.3593750000e-01 8.6386718750e-01 9.2183837891e-01 9.8192138672e-01 1.0441162109e+00 1.1084228516e+00 1.1748413086e+00 1.2433715820e+00 1.3140136719e+00 1.3867675781e+00 1.4616333008e+00 1.5386108398e+00 1.6177001953e+00 1.6989013672e+00 1.7822143555e+00 1.8676391602e+00 1.9551757812e+00 2.0000000000e+00
7.8125000000e-01 8.0351562500e-01 8.5200195313e-01 9.0444335937e-01 9.6083984375e-01 1.0211914063e+00 1.0854980469e+00 1.1537597656e+00 1.2259765625e+00 1.3021484375e+00 1.3822753906e+00 1.4663574219e+00 1.5543945313e+00 1.6463867188e+00 1.7423339844e+00 1.8422363281e+00 1.9460937500e+00 2.0000000000e+00
7.1875000000e-01 7.3398437500e-01 7.7065429687e-01 8.1352539062e-01 8.6259765625e-01 9.1787109375e-01 9.7934570313e-01 1.0470214844e+00 1.1208984375e+00 1.2009765625e+00 1.2872558594e+00 1.3797363281e+00 1.4784179688e+00 1.5833007812e+00 1.6943847656e+00 1.8116699219e+00 1.9351562500e+00 2.0000000000e+00
6.4843750000e-01 6.5781250000e-01 6.8428955078e-01 7.1849365234e-01 7.6042480469e-01 8.1008300781e-01 8.6746826172e-01 9.3258056641e-01 1.0054199219e+00 1.0859863281e+00 1.1742797852e+00 1.2703002930e+00 1.3740478516e+00 1.4855224609e+00 1.6047241211e+00 1.7316528320e+00 1.8663085937e+00 1.9375000000e+00
5.7031250000e-01 5.7500000000e-01 5.9290771484e-01 6.1934814453e-01 6.5432128906e-01 6.9782714844e-01 7.4986572266e-01 8.1043701172e-01 8.7954101562e-01 9.5717773437e-01 1.0433471680e+00 1.1380493164e+00 1.2412841797e+00 1.3530517578e+00 1.4733520508e+00 1.6021850586e+00 1.7395507812e+00 1.8125000000e+00
4.8437500000e-01 4.8554687500e-01 4.9650878906e-01 5.1608886719e-01 5.4428710938e-01 5.8110351563e-01 6.2653808594e-01 6.8059082031e-01 7.4326171875e-01 8.1455078125e-01 8.9445800781e-01 9.8298339844e-01 1.0801269531e+00 1.1858886719e+00 1.3002685547e+00 1.4232666016e+00 1.5548828125e+00 1.6250000000e+00
3.9062500000e-01 3.8945312500e-01 3.9509277344e-01 4.0871582031e-01 4.3032226562e-01 4.5991210937e-01 4.9748535156e-01 5.4304199219e-01 5.9658203125e-01 6.5810546875e-01 7.2761230469e-01 8.0510253906e-01 8.9057617188e-01 9.8403320313e-01 1.0854736328e+00 1.1948974609e+00 1.3123046875e+00 1.3750000000e+00
2.8906250000e-01 2.8671875000e-01 2.8865966797e-01 2.9722900391e-01 3.1242675781e-01 3.3425292969e-01 3.6270751953e-01 3.9779052734e-01 4.3950195313e-01 4.8784179688e-01 5.4281005859e-01 6.0440673828e-01 6.7263183594e-01 7.4748535156e-01 8.2896728516e-01 9.1707763672e-01 1.0118164062e+00 1.0625000000e+00
1.7968750000e-01 1.7734375000e-01 1.7720947266e-01 1.8162841797e-01 1.9060058594e-01 2.0412597656e-01 2.2220458984e-01 2.4483642578e-01 2.7202148438e-01 3.0375976563e-01 3.4005126953e-01 3.8089599609e-01 4.2629394531e-01 4.7624511719e-01 5.3074951172e-01 5.8980712891e-01 6.5341796875e-01 6.8750000000e-01
6.2500000000e-02 6.1328125000e-02 6.0742187500e-02 6.1914062500e-02 6.4843750000e-02 6.9531250000e-02 7.5976562500e-02 8.4179687500e-02 9.4140625000e-02 1.0585937500e-01 1.1933593750e-01 1.3457031250e-01 1.5156250000e-01 1.7031250000e-01 1.9082031250e-01 2.1308593750e-01 2.3710937500e-01 2.5000000000e-01
0.0000000000e+00 0.0000000000e+00 0.0000000000e+00 0.0000000000e+00 0.0000000000e+00 0.0000000000e+00 0.0000000000e+00 0.0000000000e+00 0.0000000000e+00 0.0000000000e+00 0.0000000000e+00 0.0000000000e+00 0.0000000000e+00 0.0000000000e+00 0.0000000000e+00 0.0000000000e+00 0.0000000000e+00 0.0000000000e+00
