6.07e-02 9.57e-02 1.66e-01 2.36e-01 3.06e-01 3.76e-01 4.46e-01 5.16e-01 5.86e-01 6.56e-01 7.26e-01 7.97e-01 8.67e-01 9.37e-01 1.01e+00 1.08e+00 1.15e+00 1.18e+00
5.19e-02 8.61e-02 1.57e-01 2.26e-01 2.95e-01 3.63e-01 4.30e-01 4.96e-01 5.61e-01 6.26e-01 6.92e-01 7.59e-01 8.26e-01 8.96e-01 9.67e-01 1.04e+00 1.12e+00 1.16e+00
2.65e-02 6.55e-02 1.38e-01 2.08e-01 2.76e-01 3.41e-01 4.05e-01 4.66e-01 5.25e-01 5.84e-01 6.42e-01 7.01e-01 7.60e-01 8.22e-01 8.87e-01 9.57e-01 1.04e+00 1.08e+00
-3.00e-03 4.18e-02 1.19e-01 1.91e-01 2.59e-01 3.24e-01 3.85e-01 4.44e-01 5.00e-01 5.54e-01 6.06e-01 6.58e-01 7.10e-01 7.62e-01 8.18e-01 8.78e-01 9.48e-01 9.91e-01
-3.20e-02 1.81e-02 1.02e-01 1.76e-01 2.45e-01 3.09e-01 3.70e-01 4.27e-01 4.81e-01 5.33e-01 5.82e-01 6.29e-01 6.75e-01 7.20e-01 7.65e-01 8.13e-01 8.68e-01 9.04e-01
-5.61e-02 -2.02e-03 8.64e-02 1.64e-01 2.34e-01 2.99e-01 3.59e-01 4.16e-01 4.69e-01 5.19e-01 5.66e-01 6.10e-01 6.52e-01 6.92e-01 7.30e-01 7.67e-01 8.07e-01 8.32e-01
-7.17e-02 -1.53e-02 7.61e-02 1.55e-01 2.26e-01 2.91e-01 3.52e-01 4.08e-01 4.61e-01 5.10e-01 5.57e-01 6.00e-01 6.40e-01 6.77e-01 7.12e-01 7.43e-01 7.71e-01 7.85e-01
-7.64e-02 -1.95e-02 7.23e-02 1.52e-01 2.23e-01 2.88e-01 3.48e-01 4.05e-01 4.58e-01 5.07e-01 5.53e-01 5.96e-01 6.36e-01 6.73e-01 7.06e-01 7.36e-01 7.61e-01 7.71e-01
-6.94e-02 -1.40e-02 7.57e-02 1.53e-01 2.23e-01 2.88e-01 3.49e-01 4.05e-01 4.58e-01 5.08e-01 5.54e-01 5.98e-01 6.38e-01 6.76e-01 7.10e-01 7.42e-01 7.73e-01 7.92e-01
-5.19e-02 3.55e-04 8.53e-02 1.60e-01 2.28e-01 2.92e-01 3.52e-01 4.08e-01 4.62e-01 5.12e-01 5.60e-01 6.04e-01 6.46e-01 6.85e-01 7.23e-01 7.62e-01 8.07e-01 8.44e-01
-2.65e-02 2.09e-02 9.92e-02 1.70e-01 2.35e-01 2.98e-01 3.58e-01 4.15e-01 4.69e-01 5.20e-01 5.69e-01 6.15e-01 6.59e-01 7.02e-01 7.45e-01 7.95e-01 8.62e-01 9.21e-01
3.00e-03 4.43e-02 1.15e-01 1.81e-01 2.45e-01 3.06e-01 3.66e-01 4.23e-01 4.78e-01 5.31e-01 5.82e-01 6.30e-01 6.77e-01 7.25e-01 7.77e-01 8.42e-01 9.33e-01 1.01e+00
3.20e-02 6.70e-02 1.31e-01 1.94e-01 2.55e-01 3.16e-01 3.76e-01 4.34e-01 4.90e-01 5.45e-01 5.98e-01 6.50e-01 7.01e-01 7.56e-01 8.18e-01 8.98e-01 1.01e+00 1.10e+00
5.61e-02 8.57e-02 1.45e-01 2.05e-01 2.66e-01 3.27e-01 3.87e-01 4.47e-01 5.05e-01 5.63e-01 6.19e-01 6.74e-01 7.31e-01 7.93e-01 8.66e-01 9.58e-01 1.08e+00 1.17e+00
7.17e-02 9.83e-02 1.56e-01 2.16e-01 2.77e-01 3.39e-01 4.00e-01 4.62e-01 5.23e-01 5.84e-01 6.44e-01 7.04e-01 7.67e-01 8.36e-01 9.16e-01 1.01e+00 1.13e+00 1.22e+00
7.64e-02 1.03e-01 1.63e-01 2.25e-01 2.88e-01 3.52e-01 4.16e-01 4.80e-01 5.45e-01 6.09e-01 6.73e-01 7.38e-01 8.06e-01 8.80e-01 9.62e-01 1.05e+00 1.15e+00 1.23e+00
6.94e-02 1.01e-01 1.66e-01 2.32e-01 2.99e-01 3.67e-01 4.35e-01 5.03e-01 5.71e-01 6.39e-01 7.07e-01 7.77e-01 8.47e-01 9.21e-01 9.96e-01 1.07e+00 1.15e+00 1.21e+00
6.07e-02 9.57e-02 1.66e-01 2.36e-01 3.06e-01 3.76e-01 4.46e-01 5.16e-01 5.86e-01 6.56e-01 7.26e-01 7.97e-01 8.67e-01 9.37e-01 1.01e+00 1.08e+00 1.15e+00 1.18e+00
