1.55e-02 4.77e-02 1.12e-01 1.77e-01 2.41e-01 3.05e-01 3.70e-01 4.34e-01 4.99e-01 5.63e-01 6.28e-01 6.92e-01 7.56e-01 8.21e-01 8.85e-01 9.50e-01 1.01e+00 1.05e+00
-4.27e-03 3.98e-02 1.06e-01 1.73e-01 2.38e-01 3.02e-01 3.66e-01 4.30e-01 4.93e-01 5.56e-01 6.18e-01 6.79e-01 7.38e-01 7.93e-01 8.43e-01 8.93e-01 9.50e-01 9.87e-01
-4.11e-02 1.57e-02 9.52e-02 1.65e-01 2.32e-01 2.97e-01 3.60e-01 4.22e-01 4.84e-01 5.44e-01 6.02e-01 6.59e-01 7.13e-01 7.61e-01 8.01e-01 8.35e-01 8.62e-01 8.77e-01
-5.39e-02 6.84e-03 9.07e-02 1.62e-01 2.29e-01 2.92e-01 3.55e-01 4.16e-01 4.75e-01 5.34e-01 5.91e-01 6.45e-01 6.96e-01 7.42e-01 7.80e-01 8.11e-01 8.35e-01 8.38e-01
-3.51e-02 2.04e-02 9.70e-02 1.64e-01 2.28e-01 2.90e-01 3.51e-01 4.10e-01 4.69e-01 5.26e-01 5.82e-01 6.35e-01 6.86e-01 7.32e-01 7.72e-01 8.08e-01 8.46e-01 8.95e-01
4.24e-03 4.60e-02 1.08e-01 1.69e-01 2.29e-01 2.89e-01 3.48e-01 4.07e-01 4.64e-01 5.20e-01 5.75e-01 6.28e-01 6.79e-01 7.28e-01 7.73e-01 8.21e-01 9.00e-01 1.01e+00
4.11e-02 6.65e-02 1.18e-01 1.73e-01 2.30e-01 2.88e-01 3.46e-01 4.04e-01 4.60e-01 5.16e-01 5.70e-01 6.23e-01 6.75e-01 7.27e-01 7.79e-01 8.44e-01 9.62e-01 1.12e+00
5.39e-02 7.25e-02 1.21e-01 1.74e-01 2.30e-01 2.87e-01 3.45e-01 4.02e-01 4.58e-01 5.13e-01 5.67e-01 6.20e-01 6.72e-01 7.24e-01 7.81e-01 8.53e-01 9.86e-01 1.16e+00
3.51e-02 6.34e-02 1.16e-01 1.72e-01 2.29e-01 2.86e-01 3.44e-01 4.01e-01 4.57e-01 5.12e-01 5.65e-01 6.17e-01 6.68e-01 7.19e-01 7.72e-01 8.36e-01 9.51e-01 1.11e+00
-4.23e-03 4.13e-02 1.07e-01 1.68e-01 2.27e-01 2.86e-01 3.44e-01 4.01e-01 4.57e-01 5.12e-01 5.65e-01 6.16e-01 6.66e-01 7.14e-01 7.60e-01 8.11e-01 8.85e-01 9.87e-01
-4.11e-02 1.74e-02 9.66e-02 1.64e-01 2.26e-01 2.86e-01 3.44e-01 4.02e-01 4.58e-01 5.13e-01 5.66e-01 6.17e-01 6.66e-01 7.11e-01 7.54e-01 7.96e-01 8.38e-01 8.77e-01
-5.39e-02 8.80e-03 9.34e-02 1.63e-01 2.26e-01 2.87e-01 3.46e-01 4.04e-01 4.61e-01 5.16e-01 5.69e-01 6.20e-01 6.69e-01 7.14e-01 7.56e-01 7.94e-01 8.30e-01 8.38e-01
-3.51e-02 2.23e-02 9.95e-02 1.66e-01 2.28e-01 2.89e-01 3.49e-01 4.07e-01 4.65e-01 5.21e-01 5.75e-01 6.27e-01 6.76e-01 7.22e-01 7.64e-01 8.06e-01 8.50e-01 8.95e-01
4.24e-03 4.70e-02 1.09e-01 1.70e-01 2.31e-01 2.92e-01 3.52e-01 4.12e-01 4.70e-01 5.27e-01 5.83e-01 6.36e-01 6.87e-01 7.36e-01 7.84e-01 8.36e-01 9.11e-01 1.01e+00
4.11e-02 6.58e-02 1.16e-01 1.73e-01 2.34e-01 2.95e-01 3.56e-01 4.17e-01 4.77e-01 5.36e-01 5.93e-01 6.49e-01 7.04e-01 7.58e-01 8.14e-01 8.79e-01 9.83e-01 1.12e+00
5.39e-02 7.15e-02 1.18e-01 1.75e-01 2.37e-01 2.99e-01 3.61e-01 4.23e-01 4.85e-01 5.45e-01 6.05e-01 6.65e-01 7.24e-01 7.85e-01 8.48e-01 9.18e-01 1.02e+00 1.16e+00
3.51e-02 6.36e-02 1.16e-01 1.76e-01 2.39e-01 3.03e-01 3.67e-01 4.30e-01 4.94e-01 5.57e-01 6.20e-01 6.83e-01 7.46e-01 8.10e-01 8.74e-01 9.46e-01 9.99e-01 1.11e+00
1.55e-02 4.77e-02 1.12e-01 1.77e-01 2.41e-01 3.05e-01 3.70e-01 4.34e-01 4.99e-01 5.63e-01 6.28e-01 6.92e-01 7.56e-01 8.21e-01 8.85e-01 9.50e-01 1.01e+00 1.05e+00
