0.00e+00 2.95e-02 8.81e-02 1.46e-01 2.02e-01 2.57e-01 3.09e-01 3.58e-01 4.03e-01 4.45e-01 4.83e-01 5.15e-01 5.43e-01 5.66e-01 5.83e-01 5.94e-01 6.00e-01 6.00e-01
0.00e+00 2.98e-02 8.91e-02 1.48e-01 2.05e-01 2.60e-01 3.12e-01 3.61e-01 4.07e-01 4.49e-01 4.86e-01 5.19e-01 5.47e-01 5.69e-01 5.86e-01 5.98e-01 6.03e-01 6.13e-01
0.00e+00 3.05e-02 9.12e-02 1.51e-01 2.09e-01 2.65e-01 3.19e-01 3.69e-01 4.15e-01 4.57e-01 4.95e-01 5.27e-01 5.55e-01 5.77e-01 5.95e-01 6.08e-01 6.24e-01 6.37e-01
0.00e+00 3.13e-02 9.34e-02 1.55e-01 2.14e-01 2.72e-01 3.26e-01 3.77e-01 4.24e-01 4.66e-01 5.04e-01 5.37e-01 5.64e-01 5.87e-01 6.06e-01 6.24e-01 6.47e-01 6.63e-01
0.00e+00 3.21e-02 9.58e-02 1.59e-01 2.20e-01 2.78e-01 3.34e-01 3.85e-01 4.33e-01 4.76e-01 5.14e-01 5.47e-01 5.75e-01 5.99e-01 6.21e-01 6.44e-01 6.72e-01 6.88e-01
0.00e+00 3.29e-02 9.83e-02 1.63e-01 2.25e-01 2.85e-01 3.42e-01 3.95e-01 4.43e-01 4.87e-01 5.25e-01 5.59e-01 5.88e-01 6.14e-01 6.39e-01 6.66e-01 6.97e-01 7.12e-01
0.00e+00 3.38e-02 1.01e-01 1.67e-01 2.31e-01 2.93e-01 3.51e-01 4.05e-01 4.54e-01 4.98e-01 5.37e-01 5.72e-01 6.02e-01 6.31e-01 6.60e-01 6.90e-01 7.22e-01 7.38e-01
0.00e+00 3.48e-02 1.04e-01 1.72e-01 2.38e-01 3.01e-01 3.60e-01 4.15e-01 4.66e-01 5.11e-01 5.51e-01 5.87e-01 6.20e-01 6.51e-01 6.83e-01 7.15e-01 7.48e-01 7.62e-01
0.00e+00 3.58e-02 1.07e-01 1.77e-01 2.45e-01 3.09e-01 3.70e-01 4.27e-01 4.79e-01 5.25e-01 5.67e-01 6.04e-01 6.40e-01 6.74e-01 7.08e-01 7.42e-01 7.73e-01 7.87e-01
0.00e+00 3.70e-02 1.10e-01 1.82e-01 2.52e-01 3.19e-01 3.82e-01 4.40e-01 4.93e-01 5.41e-01 5.84e-01 6.24e-01 6.62e-01 6.99e-01 7.35e-01 7.68e-01 7.99e-01 8.13e-01
0.00e+00 3.82e-02 1.14e-01 1.88e-01 2.60e-01 3.29e-01 3.94e-01 4.54e-01 5.09e-01 5.59e-01 6.04e-01 6.47e-01 6.87e-01 7.26e-01 7.62e-01 7.96e-01 8.25e-01 8.38e-01
0.00e+00 3.95e-02 1.18e-01 1.95e-01 2.69e-01 3.40e-01 4.07e-01 4.69e-01 5.26e-01 5.79e-01 6.27e-01 6.72e-01 7.14e-01 7.55e-01 7.91e-01 8.24e-01 8.52e-01 8.63e-01
0.00e+00 4.09e-02 1.22e-01 2.02e-01 2.79e-01 3.53e-01 4.22e-01 4.87e-01 5.46e-01 6.01e-01 6.52e-01 7.00e-01 7.44e-01 7.85e-01 8.22e-01 8.53e-01 8.78e-01 8.87e-01
0.00e+00 4.25e-02 1.27e-01 2.10e-01 2.90e-01 3.66e-01 4.39e-01 5.06e-01 5.68e-01 6.26e-01 6.80e-01 7.30e-01 7.76e-01 8.17e-01 8.53e-01 8.82e-01 9.05e-01 9.13e-01
0.00e+00 4.41e-02 1.32e-01 2.18e-01 3.02e-01 3.81e-01 4.57e-01 5.28e-01 5.94e-01 6.55e-01 7.11e-01 7.63e-01 8.10e-01 8.51e-01 8.85e-01 9.12e-01 9.31e-01 9.37e-01
0.00e+00 4.60e-02 1.37e-01 2.27e-01 3.15e-01 3.98e-01 4.78e-01 5.52e-01 6.22e-01 6.87e-01 7.46e-01 7.99e-01 8.46e-01 8.86e-01 9.19e-01 9.43e-01 9.58e-01 9.63e-01
0.00e+00 4.80e-02 1.44e-01 2.38e-01 3.29e-01 4.17e-01 5.01e-01 5.80e-01 6.54e-01 7.22e-01 7.84e-01 8.38e-01 8.85e-01 9.23e-01 9.53e-01 9.74e-01 9.86e-01 9.88e-01
0.00e+00 4.91e-02 1.47e-01 2.43e-01 3.37e-01 4.28e-01 5.15e-01 5.96e-01 6.72e-01 7.42e-01 8.04e-01 8.59e-01 9.05e-01 9.43e-01 9.71e-01 9.90e-01 1.00e+00 1.00e+00
